3204
9052
3776
2244
86
7180
7085
9866
6300
71
4122
7650
5725
1769
5694
7208
7061
9685
241
4581
2416
2865
4876
4677
6519
664
8539
9414
1875
2526
1628
79
2637
8677
7471
4885
6303
5958
3363
3850
4225
9081
4891
5762
8166
4662
4779
1342
7482
4898
9155
1797
7326
543
69
7425
8254
508
659
8789
9182
432
5208
8391
2761
9602
1497
4858
2288
9952
3581
7658
2780
6891
2521
9376
8924
8766
4257
8064
2328
8486
5290
2222
9105
1862
3109
2306
3805
836
5842
8540
6485
3581
7967
585
337
2183
4875
2464
8064
4404
2544
5603
8978
3302
807
6449
4709
7674
608
7700
1158
685
2358
437
814
8736
9548
8351
5604
3184
5734
8207
8413
3923
3397
9881
8468
6054
1927
368
3024
5193
139
9254
3187
4028
6930
5550
6427
941
2611
1864
4355
1463
3590
1236
4619
3068
6653
7268
7986
8655
9070
8335
6706
7061
7728
2368
8352
9744
3892
2740
8757
4883
7145
2378
9074
7166
9950
3340
8620
960
9053
3687
1042
6268
1886
6878
3652
6252
1311
8826
9669
3868
2935
2448
5904
8554
9213
370
3558
5728
9159
5022
349
780
2648
6356
2195
2275
5801
9179
5351
8470
1159
6857
503
7128
8064
2519
4959
3578
730
1264
467
6109
8657
1925
7657
6209
5421
56
7225
1926
3346
8645
7621
7484
5098
1673
5237
5006
7143
8622
6747
8819
9039
5689
8890
3930
5639
3901
773
1266
6831
7850
3450
3938
6380
2127
4081
7902
8966
4331
9430
516
7158
4169
2351
3115
4434
1916
5136
7094
5674
2911
8532
586
6810
1320
8742
7713
2947
1098
4823
9825
6809
6263
9374
5384
2098
431
4236
8051
8104
2415
203
973
4409
2508
3523
8679
4716
1185
4738
6134
9404
1041
9240
3000
5372
5311
7467
75
9868
7583
777
8181
4852
6762
4907
9738
5111
2174
6256
4848
5983
6554
5186
1298
7979
6133
6438
3670
4884
895
7892
4594
3024
4238
284
7810
2903
5610
1615
4821
4219
5807
6394
189
5661
7761
6211
295
8397
9439
2715
6124
198
2187
5386
9792
9181
5863
5355
9981
3729
467
3997
6850
8695
9596
2521
9921
6308
6603
8128
5971
4553
4903
216
8262
9013
8801
4151
7441
9432
7835
9279
8894
9457
6780
4786
1734
274
228
6127
4372
1884
2970
1438
2496
6364
7606
1724
1113
7243
4071
5138
6320
3670
6129
3573
7432
7356
8777
5592
746
596
3681
7712
4741
7459
9466
6740
3867
9799
1987
4266
3926
3223
4761
4924
914
7531
517
9488
80
2027
6751
5108
9533
3669
8838
3994
7711
6692
2508
1912
8927
1175
4860
3026
1654
22
1835
1266
2540
4259
6884
9380
6169
367
7690
6698
8116
47
3233
2059
8242
4383
8371
4043
9761
4996
8096
6579
1372
9766
3797
9768
6437
2507
3534
2100
317
4769
3420
6771
5140
5255
6982
2073
2613
1904
103
4841
4781
3869
5201
4776
7983
288
5274
2765
4481
9124
5442
2953
2392
791
377
5175
5251
7137
9314
6225
4747
2285
2163
8364
2870
9333
6460
2597
8172
6650
6119
8711
2849
6232
7424
223
9123
2237
997
3808
452
7061
2794
5818
5034
2988
8986
6170
1999
6153
7119
4912
6026
1912
7105
7301
6364
2579
6061
6247
5142
21
9113
6370
5867
973
4810
955
2580
9428
1978
8301
3569
3755
2071
5773
1120
7707
9437
3916
2759
4775
3792
1175
895
8235
9615
2025
4210
413
9696
5604
3296
2319
4953
1251
7051
6208
4791
4820
1780
6606
2530
7206
6735
3760
4841
8814
2699
134
3372
76
5343
4917
9575
9918
3498
1967
9387
6571
7232
7985
3188
5775
8029
4336
9824
8544
9325
3341
6392
551
4231
9112
1888
2230
1617
7220
1704
5083
8198
7520
3425
6022
8775
7249
492
3169
1275
8603
6478
3666
4197
1810
3999
8345
8487
4365
8226
9685
6333
8759
5877
320
7418
9793
9916
6074
1968
7209
5166
1418
5332
8614
7067
8137
8117
3944
4351
7883
8909
8019
6525
9996
6216
5836
3226
8342
6500
467
5492
8337
9982
7002
8483
4933
2486
4534
6888
6439
2794
8934
4912
39
6654
1361
400
6795
5318
4520
3789
5432
6058
2736
3759
2995
3304
3429
4045
5969
2467
1385
2244
3101
1830
3296
541
2752
4906
5683
353
3369
3685
399
1068
1343
6279
6197
5063
2855
6187
7090
1153
8964
9527
5799
1019
6287
342
1376
1168
7419
5867
2269
1594
7407
741
1555
8586
7785
6427
852
962
1922
9044
4873
7606
699
8843
9369
2352
2900
8182
3485
8890
5157
4895
2
6052
12
8784
1794
5648
180
5345
4141
1769
4383
3077
413
6139
4070
9237
1875
3021
724
8966
5704
9636
1951
9690
8208
7080
1098
2574
6816
4900
1831
6962
9456
2279
5187
8701
7466
5952
9832
1723
3044
2905
3222
4814
2054
8123
3064
9351
9744
3417
8517
2047
2583
7261
9211
4969
7097
4495
515
5663
6686
9905
3211
8237
2964
4528
4625
7217
8211
1643
7936
4609
433
5129
4114
1771
3697
616
4152
3138
9172
4574
2181
6982
3558
9817
119
8308
1911
5022
2019
2232
4885
6064
8793
3532
1681
5385
1413
3712
9809
1732
1641
3059
4619
6263
8653
5452
6779
3540
8387
7995
1200
2932
2350
4366
5002
9287
883
2666
9907
6117
4857
8256
2563
9268
2220
2799
5351
1644
7870
7555
5460
1795
9203
8825
2327
9459
7827
7768
1400
2337
2071
5656
586
9151
4493
1217
8487
9877
293
6006
9227
8644
605
4388
8417
8553
1987
5127
6132
6347
7589
8401
8152
6912
5717
8288
2177
3680
6074
3742
4068
3788
2858
1722
7696
4986
2776
840
1259
6399
3115
1761
3441
3244
3520
4801
6748
3402
1364
3712
8116
1549
5745
9910
2803
802
5047
1371
5162
7468
9165
105
8154
7051
6205
2811
2169
1064
7182
2522
4223
7802
9113
9948
2702
4245
5919
60
172
5588
1324
9203
3832
872
5387
8005
6614
2172
4673
5138
982
7772
7141
8312
3255
6381
7160
5046
2557
8715
3126
8697
7180
6830
5385
6065
9463
6849
8818
7656
457
4827
1374
6642
1370
9958
8256
8556
2502
2979
7017
1780
9614
9956
3725
4132
4117
2912
1027
3307
9079
5605
1854
9541
6715
7632
5647
9086
4626
4774
713
1723
6518
3633
787
2246
9895
6358
5398
1630
5424
3777
2804
5550
6717
2284
2237
5657
9127
9661
2261
4238
8075
601
2180
4385
100
4436
6534
5404
2345
6561
4923
7438
8869
6981
9193
8021
7545
989
1129
4643
1162
9281
2929
3234
875
6556
5975
6191
4336
9509
8564
2411
9047
7840
9520
5228
7669
2167
5287
8096
5373
